Best F1 Score: 0.0007927070947284979
Cutoff: -0.10194854457806339
Num Relations: 2458
Precision: 0.0004068348250610252
Recall: 0.015384615384615385
