Best F1 Score: 0.3119266055045871
Cutoff: 0.09504978102401236
Num Relations: 44
Precision: 0.38636363636363635
Recall: 0.26153846153846155
